3.19  3.42	85.54  75.56  80.24	100.00  100.00  100.00	100.00  100.00  100.00	100.00  100.00  100.00	4out_delay_clip[6,49,49]_ds[2,4,4]_mtds0_nvis432_i0_delay0_best.pkl
4.82  4.96	100.00  100.00  100.00	78.27  63.42  70.07	100.00  100.00  100.00	100.00  100.00  100.00	4out_delay_clip[6,49,49]_ds[2,4,4]_mtds0_nvis432_i1_delay0_best.pkl
5.67  5.95	100.00  100.00  100.00	100.00  100.00  100.00	71.43  55.77  62.64	100.00  100.00  100.00	4out_delay_clip[6,49,49]_ds[2,4,4]_mtds0_nvis432_i2_delay0_best.pkl
6.31  6.58	100.00  100.00  100.00	100.00  100.00  100.00	100.00  100.00  100.00	65.18  50.02  56.60	4out_delay_clip[6,49,49]_ds[2,4,4]_mtds0_nvis432_i3_delay0_best.pkl
3.68  3.84	84.52  73.31  78.52	100.00  100.00  100.00	100.00  100.00  100.00	100.00  100.00  100.00	4out_delay_clip[6,49,49]_ds[2,4,4]_mtds0_nvis432_i0_delay1_best.pkl
4.97  5.30	100.00  100.00  100.00	75.51  64.25  69.42	100.00  100.00  100.00	100.00  100.00  100.00	4out_delay_clip[6,49,49]_ds[2,4,4]_mtds0_nvis432_i1_delay1_best.pkl
5.86  6.21	100.00  100.00  100.00	100.00  100.00  100.00	73.17  53.65  61.91	100.00  100.00  100.00	4out_delay_clip[6,49,49]_ds[2,4,4]_mtds0_nvis432_i2_delay1_best.pkl
6.26  6.75	100.00  100.00  100.00	100.00  100.00  100.00	100.00  100.00  100.00	68.62  46.23  55.25	4out_delay_clip[6,49,49]_ds[2,4,4]_mtds0_nvis432_i3_delay1_best.pkl
3.96  4.22	82.10  71.55  76.46	100.00  100.00  100.00	100.00  100.00  100.00	100.00  100.00  100.00	4out_delay_clip[6,49,49]_ds[2,4,4]_mtds0_nvis432_i0_delay2_best.pkl
5.14  5.50	100.00  100.00  100.00	76.22  60.74  67.61	100.00  100.00  100.00	100.00  100.00  100.00	4out_delay_clip[6,49,49]_ds[2,4,4]_mtds0_nvis432_i1_delay2_best.pkl
5.96  6.35	100.00  100.00  100.00	100.00  100.00  100.00	71.47  53.25  61.03	100.00  100.00  100.00	4out_delay_clip[6,49,49]_ds[2,4,4]_mtds0_nvis432_i2_delay2_best.pkl
6.47  6.84	100.00  100.00  100.00	100.00  100.00  100.00	100.00  100.00  100.00	65.38  48.07  55.41	4out_delay_clip[6,49,49]_ds[2,4,4]_mtds0_nvis432_i3_delay2_best.pkl
4.15  4.53	81.30  67.37  73.68	100.00  100.00  100.00	100.00  100.00  100.00	100.00  100.00  100.00	4out_delay_clip[6,49,49]_ds[2,4,4]_mtds0_nvis432_i0_delay3_best.pkl
5.35  5.61	100.00  100.00  100.00	72.96  60.92  66.40	100.00  100.00  100.00	100.00  100.00  100.00	4out_delay_clip[6,49,49]_ds[2,4,4]_mtds0_nvis432_i1_delay3_best.pkl
5.81  6.48	100.00  100.00  100.00	100.00  100.00  100.00	68.10  52.96  59.59	100.00  100.00  100.00	4out_delay_clip[6,49,49]_ds[2,4,4]_mtds0_nvis432_i2_delay3_best.pkl
6.67  6.99	100.00  100.00  100.00	100.00  100.00  100.00	100.00  100.00  100.00	66.94  42.55  52.03	4out_delay_clip[6,49,49]_ds[2,4,4]_mtds0_nvis432_i3_delay3_best.pkl
4.57  4.87	80.16  64.50  71.48	100.00  100.00  100.00	100.00  100.00  100.00	100.00  100.00  100.00	4out_delay_clip[6,49,49]_ds[2,4,4]_mtds0_nvis432_i0_delay4_best.pkl
5.54  5.89	100.00  100.00  100.00	74.06  56.33  63.99	100.00  100.00  100.00	100.00  100.00  100.00	4out_delay_clip[6,49,49]_ds[2,4,4]_mtds0_nvis432_i1_delay4_best.pkl
5.89  6.58	100.00  100.00  100.00	100.00  100.00  100.00	68.64  49.76  57.69	100.00  100.00  100.00	4out_delay_clip[6,49,49]_ds[2,4,4]_mtds0_nvis432_i2_delay4_best.pkl
6.77  7.10	100.00  100.00  100.00	100.00  100.00  100.00	100.00  100.00  100.00	65.25  42.19  51.25	4out_delay_clip[6,49,49]_ds[2,4,4]_mtds0_nvis432_i3_delay4_best.pkl
