0.160058245063	0.162115722895	0.128815844655	0.196430842888	0.251430463796	0.775094898204	cnn3h_h0ks5_h0pad2_h2nu40_h2iip0.5_h2is2.0_h2mcn10.0_ymcn10.0_wd0.0002_lr0.01_best.pkl
0.390030741692	0.393050342798	0.296537309885	nan	1.0	nan	cnn3h_h0ks5_h0pad2_h2nu40_h2iip0.8_h2is1.25_h2mcn10.0_ymcn10.0_wd0.0002_lr0.01_best.pkl
0.161973848939	0.164853960276	0.131096884608	0.205585631435	0.247302173909	0.772993672081	cnn3h_h0ks5_h0pad2_h2nu40_h2iip1.0_h2is1.0_yiip1.0_yis1.0_h2mcn10.0_ymcn10.0_wd0.0002_lr0.01_best.pkl
0.157406300306	0.163985595107	0.133062571287	0.22266571372	0.227416526057	0.774951599009	cnn3h_h0ks5_h0pad2_h2nu80_h2iip1.0_h2is1.0_yiip0.5_yis2.0_h2mcn10.0_ymcn10.0_wd0.0002_lr0.01_best.pkl
0.158769786358	0.162402972579	0.129471898079	0.196171946949	0.254731566115	0.773441395371	cnn3h_h0ks5_h0pad2_h2nu80_h2iip0.8_h2is1.25_yiip0.5_yis2.0_h2mcn10.0_ymcn10.0_wd0.0002_lr0.01_best.pkl
0.160781636834	0.162545725703	0.128718823195	0.188964357461	0.261317656239	0.773169976216	cnn3h_h0ks5_h0pad2_h2nu40_h2iip0.8_h2is1.25_yiip0.5_yis2.0_h2mcn10.0_ymcn10.0_wd0.0002_lr0.01_bs128_best.pkl
0.154362171888	0.161554038525	0.128896892071	0.19665001153	0.25143261789	0.774991773644	cnn3h_h0nc32_h1nc64_h2nu40_h2iip0.8_h2is1.25_yiip0.5_yis2.0_wd0.0002_lr0.01_best.pkl
0.161953911185	0.163264662027	0.129549920559	0.199297956305	0.250263890733	0.77438140151	cnn3h_h0nc32_h1nc64_h2nu30_h2iip0.8_h2is1.25_yiip0.5_yis2.0_wd0.0002_lr0.01_best.pkl
0.158070221543	0.162064567208	0.12987819314	0.203904372235	0.24446738996	0.775283915093	cnn3h_h0nc32_h1nc64_h2nu20_h2iip0.8_h2is1.25_yiip0.5_yis2.0_wd0.0002_lr0.01_best.pkl
0.164751932025	0.163698717952	0.12983122468	0.203251291111	0.245299488721	0.775154803835	cnn3h_h0nc32_h1nc64_h2nu40_h2iip1.0_h2is1.0_yiip0.5_yis2.0_wd0.0002_lr0.01_best.pkl
0.159098193049	0.163545534015	0.129909470677	0.195549012031	0.257629514999	0.772164959608	cnn3h_h0nc32_h1nc64_h2nu30_h2iip1.0_h2is1.0_yiip0.5_yis2.0_wd0.0002_lr0.01_best.pkl
0.160927042365	0.164088144898	0.130106315017	0.206087355777	0.241979837271	0.775551349995	cnn3h_h0nc32_h1nc64_h2nu20_h2iip1.0_h2is1.0_yiip0.5_yis2.0_wd0.0002_lr0.01_best.pkl
0.164127662778	0.163181617856	0.130243748426	0.210812713274	0.234814612175	0.777001024204	cnn3h_h0nc32_h1nc32_h2nu40_h2iip0.8_h2is1.25_yiip0.5_yis2.0_wd0.0002_lr0.01_best.pkl
0.160151258111	0.16325186193	0.129434332252	0.195321462463	0.255859037575	0.773226656018	cnn3h_h0nc16_h1nc32_h2nu40_h2iip0.8_h2is1.25_yiip0.5_yis2.0_wd0.0002_lr0.01_best.pkl
0.161397352815	0.162530690432	0.130034387112	0.204529497353	0.244172067511	0.775142695633	cnn3h_h0nc32_h1nc32_h2nu30_h2iip0.8_h2is1.25_yiip0.5_yis2.0_wd0.0002_lr0.01_best.pkl
0.163814201951	0.162862583995	0.130474939942	0.208546983691	0.239640624188	0.775594684668	cnn3h_h0nc16_h1nc32_h2nu30_h2iip0.8_h2is1.25_yiip0.5_yis2.0_wd0.0002_lr0.01_best.pkl
0.163100883365	0.162817940116	0.129434287548	0.20159216879	0.246143496861	0.775492836363	cnn3h_h0nc32_h1nc32_h2nu20_h2iip0.8_h2is1.25_yiip0.5_yis2.0_wd0.0002_lr0.01_best.pkl
0.390582203865	0.393108069897	0.296537309885	nan	1.0	nan	cnn3h_h0nc16_h1nc32_h2nu20_h2iip0.8_h2is1.25_yiip0.5_yis2.0_wd0.0002_lr0.01_best.pkl
0.164338216186	0.163800790906	0.131275042892	0.211791269302	0.237922909836	0.774922672773	cnn3h_h0nc32_h1nc32_h2nu40_h2iip1.0_h2is1.0_yiip0.5_yis2.0_wd0.0002_lr0.01_best.pkl
0.161392256618	0.163296595216	0.131087496877	0.208508773109	0.24250701573	0.774118996387	cnn3h_h0nc16_h1nc32_h2nu40_h2iip1.0_h2is1.0_yiip0.5_yis2.0_wd0.0002_lr0.01_best.pkl
0.162536039948	0.16383266449	0.130581334233	0.209796674177	0.238059742068	0.775814469999	cnn3h_h0nc32_h1nc32_h2nu30_h2iip1.0_h2is1.0_yiip0.5_yis2.0_wd0.0002_lr0.01_best.pkl
0.161131545901	0.163379579782	0.129849985242	0.199418184155	0.251422115526	0.773706986994	cnn3h_h0nc16_h1nc32_h2nu30_h2iip1.0_h2is1.0_yiip0.5_yis2.0_wd0.0002_lr0.01_best.pkl
0.161716386676	0.164362475276	0.130253106356	0.197853818531	0.255648236543	0.772169050319	cnn3h_h0nc32_h1nc32_h2nu20_h2iip1.0_h2is1.0_yiip0.5_yis2.0_wd0.0002_lr0.01_best.pkl
0.161239311099	0.164344236255	0.130534350872	0.201993485092	0.250474541014	0.77300658009	cnn3h_h0nc16_h1nc32_h2nu20_h2iip1.0_h2is1.0_yiip0.5_yis2.0_wd0.0002_lr0.01_best.pkl
