0.166129007936	0.167284220457	0.130852818489	0.21049454072	0.257342849528	0.765365074097	multiscale_ts[3,37,37]_pxy1_pt1_cs[3, 33, 33]_ps2_pi2_nv3267_h0d300_best.pkl
0.164702996612	0.166619643569	0.131207898259	0.21713149346	0.248017684192	0.767114645866	multiscale_ts[3,37,37]_pxy1_pt1_cs[3, 31, 31]_ps2_pi2_nv2883_h0d300_best.pkl
0.164971768856	0.166776701808	0.131405204535	0.217442400013	0.248441225366	0.766745001431	multiscale_ts[3,37,37]_pxy1_pt1_cs[3, 29, 29]_ps2_pi2_nv2523_h0d300_best.pkl
0.166561931372	0.166184008121	0.12966580689	0.20586373192	0.259173959892	0.766555404846	multiscale_ts[3,37,37]_pxy1_pt1_cs[3, 27, 27]_ps2_pi2_nv2187_h0d300_best.pkl
0.166754633188	0.167732983828	0.130639120936	0.206468202627	0.262789356713	0.764335098147	multiscale_ts[3,37,37]_pxy1_pt1_cs[3, 25, 25]_ps2_pi2_nv1875_h0d300_best.pkl
0.165635511279	0.167632043362	0.132039800286	0.21854138302	0.249630801524	0.76559841798	multiscale_ts[3,37,37]_pxy1_pt1_cs[3, 23, 23]_ps2_pi2_nv1587_h0d300_best.pkl
0.163648679852	0.166928499937	0.129142984748	0.198856896849	0.267606826438	0.765227075099	multiscale_ts[3,37,37]_pxy1_pt1_cs[3, 21, 21]_ps2_pi2_nv1323_h0d300_best.pkl
0.162146270275	0.167727157474	0.131073191762	0.209924859855	0.259310957417	0.764585434812	multiscale_ts[3,37,37]_pxy1_pt1_cs[3, 19, 19]_ps2_pi2_nv1083_h0d300_best.pkl
0.158935949206	0.168056324124	0.13105674088	0.199701658558	0.275192558784	0.760684536989	multiscale_ts[3,37,37]_pxy1_pt1_cs[3, 17, 17]_ps2_pi2_nv867_h0d300_best.pkl
0.166126295924	0.167692646384	0.130642309785	0.204300724596	0.266210561358	0.763491380178	multiscale_ts[3,37,37]_pxy1_pt1_cs[3, 15, 15]_ps2_pi2_nv675_h0d300_best.pkl
0.164753854275	0.16841326654	0.131835907698	0.214849400431	0.254871967983	0.76461594512	multiscale_ts[3,37,37]_pxy1_pt1_cs[3, 13, 13]_ps2_pi2_nv507_h0d300_best.pkl
0.169705629349	0.169908344746	0.13131646812	0.206486141133	0.265947403736	0.762625948372	multiscale_ts[3,37,37]_pxy1_pt1_cs[3, 11, 11]_ps2_pi2_nv363_h0d300_best.pkl

0.164575815201	0.167275041342	0.132608622313	0.225245222662	0.24070615431	0.7669463999	multiscale_ts[3,37,37]_pxy1_pt1_cs[3, 33, 33]_ps2_pi2_nv3267_h0d800_best.pkl
0.163250684738	0.166635319591	0.130415484309	0.206115418282	0.262297524192	0.764763084882	multiscale_ts[3,37,37]_pxy1_pt1_cs[3, 27, 27]_ps2_pi2_nv2187_h0d800_best.pkl
0.162475705147	0.16604924202	0.130214884877	0.209265058757	0.256312775408	0.766489805654	multiscale_ts[3,37,37]_pxy1_pt1_cs[3, 21, 21]_ps2_pi2_nv1323_h0d800_best.pkl

0.16617128253	0.167847603559	0.13036288321	0.210008501158	0.25580969063	0.766407233844	multiscale_ts[3,37,37]_pxy2_pt1_cs[3, 18, 18]_ps2_pi2_nv972_h0d300_best.pkl
0.161060333252	0.167389526963	0.1315202564	0.212774414722	0.256793770502	0.764582849559	multiscale_ts[3,37,37]_pxy2_pt1_cs[3, 16, 16]_ps2_pi2_nv768_h0d300_best.pkl
0.15962831676	0.166574716568	0.131858989596	0.21232047399	0.25915078128	0.763546990475	multiscale_ts[3,37,37]_pxy2_pt1_cs[3, 14, 14]_ps2_pi2_nv588_h0d300_best.pkl
0.165091797709	0.166345581412	0.129918947816	0.20923417776	0.254962660137	0.767220799115	multiscale_ts[3,37,37]_pxy2_pt1_cs[3, 12, 12]_ps2_pi2_nv432_h0d300_best.pkl
0.165368944407	0.166357964277	0.128912866116	0.200136855334	0.264585725086	0.766285971594	multiscale_ts[3,37,37]_pxy2_pt1_cs[3, 10, 10]_ps2_pi2_nv300_h0d300_best.pkl
0.16712936759	0.16711345315	0.131063267589	0.213497970082	0.253418871228	0.76602181682	multiscale_ts[3,37,37]_pxy2_pt1_cs[3, 8, 8]_ps2_pi2_nv192_h0d300_best.pkl

0.170388922095	0.168238148093	0.131737336516	0.221530540594	0.243006022291	0.767581537087	multiscale_ts[3,37,37]_pxy2_pt1_cs[2, 18, 18]_ps2_pi2_nv648_h0d300_best.pkl
0.166348278522	0.167456865311	0.129813790321	0.204628092765	0.261816943928	0.765711147295	multiscale_ts[3,37,37]_pxy2_pt1_cs[2, 16, 16]_ps2_pi2_nv512_h0d300_best.pkl
0.166531026363	0.166864186525	0.130691707134	0.205500313029	0.26456290945	0.763828344823	multiscale_ts[3,37,37]_pxy2_pt1_cs[2, 14, 14]_ps2_pi2_nv392_h0d300_best.pkl
0.168472781777	0.16731107235	0.131168529391	0.215623882635	0.250374331994	0.766607283714	multiscale_ts[3,37,37]_pxy2_pt1_cs[2, 12, 12]_ps2_pi2_nv288_h0d300_best.pkl
0.16821923852	0.168231457472	0.130408942699	0.21004370553	0.255969918621	0.766305692559	multiscale_ts[3,37,37]_pxy2_pt1_cs[2, 10, 10]_ps2_pi2_nv200_h0d300_best.pkl
0.169457226992	0.168090000749	0.130474746227	0.207980408615	0.259608286639	0.765335964913	multiscale_ts[3,37,37]_pxy2_pt1_cs[2, 8, 8]_ps2_pi2_nv128_h0d300_best.pkl

0.176719561219	0.173983067274	0.135827735066	0.219679352928	0.266027154755	0.756437465314	multiscale_ts[3,37,37]_pxy2_pt1_cs[1, 14, 14]_ps2_pi2_nv196_h0d300_best.pkl
0.173994198442	0.173962831497	0.134736090899	0.21481610791	0.268819684916	0.757220465771	multiscale_ts[3,37,37]_pxy2_pt1_cs[1, 12, 12]_ps2_pi2_nv144_h0d300_best.pkl
0.177170261741	0.174097537994	0.134509116411	0.211502863806	0.273087349663	0.756453532435	multiscale_ts[3,37,37]_pxy2_pt1_cs[1, 10, 10]_ps2_pi2_nv100_h0d300_best.pkl

0.164017647505	0.166062831879	0.130034089088	0.208437441839	0.256793511233	0.766622744533	multiscale_ts[3,37,37]_pxy4_pt1_cs[3, 9, 9]_ps2_pi2_nv243_h0d300_best.pkl
0.165902033448	0.166338920593	0.131099417806	0.217065970041	0.247605602691	0.767360477591	multiscale_ts[3,37,37]_pxy4_pt1_cs[3, 7, 7]_ps2_pi2_nv147_h0d300_best.pkl
0.166852071881	0.165780678391	0.129915624857	0.206609290222	0.259161774268	0.766214418383	multiscale_ts[3,37,37]_pxy4_pt1_cs[3, 5, 5]_ps2_pi2_nv75_h0d300_best.pkl
0.173379316926	0.169962286949	0.131812945008	0.197524367366	0.281943135138	0.757922816969	multiscale_ts[3,37,37]_pxy4_pt1_cs[3, 3, 3]_ps2_pi2_nv27_h0d300_best.pkl

0.168493941426	0.167928382754	0.12970533967	0.201469009534	0.266222124737	0.764786247239	multiscale_ts[3,37,37]_pxy4_pt1_cs[2, 9, 9]_ps2_pi2_nv162_h0d300_best.pkl
0.17074431479	0.167537733912	0.130099877715	0.202350816395	0.266702860562	0.76412066943	multiscale_ts[3,37,37]_pxy4_pt1_cs[2, 7, 7]_ps2_pi2_nv98_h0d300_best.pkl
0.171085864305	0.168371468782	0.130731135607	0.205553087467	0.264665890935	0.763748411543	multiscale_ts[3,37,37]_pxy4_pt1_cs[2, 5, 5]_ps2_pi2_nv50_h0d300_best.pkl
0.176570251584	0.173019915819	0.132799193263	0.198354441806	0.285272766116	0.755695321569	multiscale_ts[3,37,37]_pxy4_pt1_cs[2, 3, 3]_ps2_pi2_nv18_h0d300_best.pkl

0.169200375676	0.167707026005	0.130221545696	0.20443042537	0.264036490499	0.764606631438	multiscale_ts[3,37,37]_pxy1_pt1_cs[2, 21, 21]_ps2_pi2_nv882_h0d300_best.pkl
0.178171947598	0.175660029054	0.135850727558	0.216294895786	0.271748486649	0.754961381212	multiscale_ts[3,37,37]_pxy1_pt1_cs[1, 21, 21]_ps2_pi2_nv441_h0d300_best.pkl
