0.166685417295	0.167106866837	0.133189707994	0.215318112701	0.249643519662	0.767135403977	multiscale2hf32_ts[3,25,25]_pxy1_pt1_cs[3, 21, 21]_ps2_pi2_nv1323_h0d200_h1d100_best.pkl
0.1734418571	0.170947864652	0.135091021657	0.209766166774	0.267645152403	0.760194247846	multiscale2hf32_ts[3,25,25]_pxy1_pt1_cs[2, 11, 11]_ps2_pi2_nv242_h0d200_h1d100_best.pkl
0.167963787913	0.166695475578	0.132663547993	0.208065860784	0.259081826521	0.765577206733	multiscale2hf32_ts[3,25,25]_pxy2_pt1_cs[3, 8, 8]_ps2_pi2_nv192_h0d200_h1d100_best.pkl
0.166730806231	0.166998296976	0.131738558412	0.205253577996	0.259279166126	0.766783179741	multiscale2hf32_ts[3,25,25]_pxy2_pt1_cs[3, 10, 10]_ps2_pi2_nv300_h0d200_h1d100_best.pkl
0.164823651314	0.165966227651	0.132058039308	0.206374938662	0.258977550479	0.766422234152	multiscale2hf32_ts[3,25,25]_pxy2_pt1_cs[3, 12, 12]_ps2_pi2_nv432_h0d200_h1d100_best.pkl
0.165570408106	0.166281431913	0.131711170077	0.204976589652	0.259591433626	0.766744671745	multiscale2hf32_ts[3,25,25]_pxy4_pt1_cs[3, 6, 6]_ps2_pi2_nv108_h0d200_h1d100_best.pkl
0.169863387942	0.16746814549	0.131312608719	0.194760767682	0.273378652809	0.763912882967	multiscale2hf32_ts[3,25,25]_pxy4_pt1_cs[3, 4, 4]_ps2_pi2_nv48_h0d200_h1d100_best.pkl

0.167615652084	0.166759639978	0.131072372198	0.201844151895	0.261557898329	0.767138706675	multiscale2hf32_ts[3,25,25]_pxy1_pt1_cs[3, 21, 21]_ps2_pi2_nv1323_h0d200_h1d100_best.pkl
0.171964868903	0.170318812132	0.134041488171	0.20963149379	0.26297301493	0.762766317633	multiscale2hf32_ts[3,25,25]_pxy1_pt1_cs[2, 11, 11]_ps2_pi2_nv242_h0d200_h1d100_best.pkl
0.168127179146	0.167125493288	0.13208539784	0.204093148091	0.262702743255	0.76548182362	multiscale2hf32_ts[3,25,25]_pxy2_pt1_cs[3, 8, 8]_ps2_pi2_nv192_h0d200_h1d100_best.pkl
0.167980805039	0.166936144233	0.13236233592	0.206493479516	0.260195123612	0.765715293707	multiscale2hf32_ts[3,25,25]_pxy2_pt1_cs[3, 10, 10]_ps2_pi2_nv300_h0d200_h1d100_best.pkl
0.162104517221	0.166257441044	0.132970660925	0.216032451444	0.247406579421	0.767960179703	multiscale2hf32_ts[3,25,25]_pxy2_pt1_cs[3, 12, 12]_ps2_pi2_nv432_h0d200_h1d100_best.pkl
0.167141795158	0.166505530477	0.131918057799	0.206235939411	0.258551068605	0.766715130182	multiscale2hf32_ts[3,25,25]_pxy4_pt1_cs[3, 6, 6]_ps2_pi2_nv108_h0d200_h1d100_best.pkl
0.170559182763	0.16832216084	0.132456511259	0.201505790664	0.268415143817	0.763576581713	multiscale2hf32_ts[3,25,25]_pxy4_pt1_cs[3, 4, 4]_ps2_pi2_nv48_h0d200_h1d100_best.pkl
0.175311222672	0.171751007438	0.134093254805	0.208924779871	0.264346900193	0.762358214319	multiscale2hf32_ts[3,25,25]_pxy8_pt1_cs[3, 3, 3]_ps2_pi2_nv27_h0d20_h1d10_best.pkl
0.386032998562	0.385491162539	0.292375653982	nan	1.0	nan	multiscale2hf32_ts[3,25,25]_pxy25_pt1_cs[3, 1, 1]_ps2_pi2_nv3_h0d8_h1d4_best.pkl
