0.165564328432	0.167443409562	0.132450848818	0.221572486673	0.246404722422	0.765810145205	multiscale1h_ts[3,37,37]_pxy1_pt1_cs[3, 21, 21]_ps2_pi2_nv1323_h0d200_best.pkl
0.164302557707	0.166380554438	0.13124409318	0.208255427165	0.262800557116	0.763499058173	multiscale1h_ts[3,37,37]_pxy2_pt1_cs[3, 10, 10]_ps2_pi2_nv300_h0d200_best.pkl
0.166670143604	0.166709348559	0.12996506691	0.205622985901	0.260958609325	0.765710769341	multiscale1h_ts[3,37,37]_pxy4_pt1_cs[3, 5, 5]_ps2_pi2_nv75_h0d200_best.pkl
0.167968690395	0.166639834642	0.129100218415	0.19759066277	0.269323028962	0.764864992789	multiscale1h_ts[3,37,37]_pxy4_pt1_cs[3, 5, 5]_ps2_pi2_nv75_h0d70_best.pkl
0.170235916972	0.168955415487	0.131720870733	0.206603898128	0.267663450699	0.761644529305	multiscale1h_ts[3,37,37]_pxy2_pt1_cs[3, 6, 6]_ps2_pi2_nv108_h0d70_best.pkl
0.173011288047	0.169894859195	0.131918147206	0.201386940844	0.27664607037	0.759122765278	multiscale1h_ts[3,37,37]_pxy2_pt1_cs[2, 6, 6]_ps2_pi2_nv72_h0d70_best.pkl
0.181112840772	0.177599728107	0.13562387228	0.20508217721	0.28835106212	0.750982218722	multiscale1h_ts[3,37,37]_pxy2_pt1_cs[1, 6, 6]_ps2_pi2_nv36_h0d70_best.pkl

0.168438240886	0.167907133698	0.133531242609	0.215285154849	0.250561689307	0.766671001113	multiscale1h_ts[3,25,25]_pxy1_pt1_cs[3, 21, 21]_ps2_pi2_nv1323_h0d200_best.pkl
0.167122155428	0.168239802122	0.133825466037	0.214736697816	0.252861337165	0.765726730923	multiscale1h_ts[3,25,25]_pxy1_pt1_cs[2, 21, 21]_ps2_pi2_nv882_h0d200_best.pkl
0.180876836181	0.17642813921	0.137707337737	0.20958156149	0.279353993156	0.753921374035	multiscale1h_ts[3,25,25]_pxy1_pt1_cs[1, 21, 21]_ps2_pi2_nv441_h0d200_best.pkl
0.167954206467	0.16762265563	0.132118016481	0.205458523399	0.25997912271	0.766312661153	multiscale1h_ts[3,25,25]_pxy2_pt1_cs[3, 10, 10]_ps2_pi2_nv300_h0d200_best.pkl
0.168946415186	0.167894810438	0.13239403069	0.204865064852	0.262185919263	0.765402821828	multiscale1h_ts[3,25,25]_pxy2_pt1_cs[3, 8, 8]_ps2_pi2_nv192_h0d200_best.pkl
0.17001914978	0.169161617756	0.133067250252	0.199995766351	0.272785628736	0.761874657511	multiscale1h_ts[3,25,25]_pxy2_pt1_cs[3, 6, 6]_ps2_pi2_nv108_h0d200_best.pkl
0.168182820082	0.168790757656	0.133043035865	0.209857481877	0.257223770423	0.765727578609	multiscale1h_ts[3,25,25]_pxy2_pt1_cs[2, 10, 10]_ps2_pi2_nv200_h0d200_best.pkl
0.170373722911	0.169149309397	0.132636547089	0.200557987534	0.269967204756	0.763162471266	multiscale1h_ts[3,25,25]_pxy2_pt1_cs[2, 8, 8]_ps2_pi2_nv128_h0d200_best.pkl
0.173264414072	0.170420914888	0.133707135916	0.202989467843	0.271138790709	0.761414009455	multiscale1h_ts[3,25,25]_pxy2_pt1_cs[2, 6, 6]_ps2_pi2_nv72_h0d200_best.pkl
0.16657499969	0.166970565915	0.131750941277	0.206254189613	0.257027174075	0.767520551745	multiscale1h_ts[3,25,25]_pxy4_pt1_cs[3, 6, 6]_ps2_pi2_nv108_h0d200_best.pkl
0.170590758324	0.168818935752	0.13277310133	0.203814582743	0.265574228306	0.764059604035	multiscale1h_ts[3,25,25]_pxy2_pt1_cs[2, 8, 8]_ps2_pi2_nv128_h0d100_best.pkl
0.174236193299	0.170636564493	0.133610129356	0.205099217708	0.267418222639	0.762470018708	multiscale1h_ts[3,25,25]_pxy2_pt1_cs[2, 6, 6]_ps2_pi2_nv72_h0d100_best.pkl
0.169671714306	0.167826548219	0.131869316101	0.204154924351	0.260891651487	0.766428127754	multiscale1h_ts[3,25,25]_pxy4_pt1_cs[3, 6, 6]_ps2_pi2_nv108_h0d100_best.pkl
