0.183260858059	0.179105937481	0.147946923971	0.262770982203	0.230139505868	0.753191487881	normalization_norm2_minint0.0_h0irange0.0002_h0mcn0.5_best.pkl
0.168083235621	0.166967004538	0.133119881153	0.211567496363	0.253722524574	0.766776037668	normalization_norm0_minint0.0_h0irange0.0002_h0mcn0.5_best.pkl
0.173408955336	0.174814358354	0.136447325349	0.208273843999	0.267444994821	0.760992096577	normalization_norm2_minint0.0_h0irange0.0002_h0mcn0.3_lr0.01_best.pkl
0.174355834723	0.177032262087	0.138163328171	0.204849432473	0.280608045734	0.755376508058	normalization_norm1_minint0.0_h0irange0.0002_h0mcn0.3_lr0.01_best.pkl
0.170157298446	0.173239007592	0.135464444757	0.212521486518	0.256071034986	0.765084516997	normalization_norm3_minint0.0_h0irange0.0002_h0mcn0.3_lr0.01_best.pkl
0.217808306217	0.232780128717	0.167126357555	0.304117534379	0.224863652285	0.733374431313	normalization_norm1_minint0.0_h0irange0.0002_h0mcn0.3_lr0.01_as1_best.pkl
0.224844902754	0.229206472635	0.146865025163	0.253067782864	0.236657974652	0.755047971273	normalization_norm2_minint0.0_h0irange0.0002_h0mcn0.3_lr0.01_as1_best.pkl
0.217168942094	0.226681813598	0.145623207092	0.247060431461	0.242560688741	0.75518273705	normalization_norm3_minint0.0_h0irange0.0002_h0mcn0.3_lr0.01_as1_best.pkl
0.238642469049	0.255046486855	0.336836010218	0.536560891102	0.138404652582	0.602696749711	normalization_norm1_minint0.0_h0irange0.0002_h0mcn0.3_lr0.01_as2_best.pkl
0.237481176853	0.250876426697	0.320334047079	0.522510503166	0.148432045243	0.611884390325	normalization_norm2_minint0.0_h0irange0.0002_h0mcn0.3_lr0.01_as2_best.pkl
0.236328199506	0.250633537769	0.258601844311	0.458884912002	0.158396220205	0.658708742566	normalization_norm3_minint0.0_h0irange0.0002_h0mcn0.3_lr0.01_as2_best.pkl
0.166259244084	0.169449627399	0.104728735983	0.410505830608	0.695955472806	0.401174513653	normalization_norm0_minint0.0_h0irange0.0002_h0mcn0.3_lr0.01_as0_sp0.6_best.pkl
0.180076003075	0.181424334645	0.106747366488	0.433532320922	0.681165681169	0.408017460765	normalization_norm0_minint0.0_h0irange0.0002_h0mcn0.3_lr0.01_as0_sp0.5_best.pkl
0.19392901659	0.197775140405	0.10990858078	0.464603850022	0.641332991349	0.429564586579	normalization_norm0_minint0.0_h0irange0.0002_h0mcn0.3_lr0.01_as0_sp0.4_best.pkl
0.208108231425	0.211560115218	0.116090156138	0.503888745622	0.607565035635	0.43822459277	normalization_norm0_minint0.0_h0irange0.0002_h0mcn0.3_lr0.01_as0_sp0.3_best.pkl
0.171905204654	0.174692749977	0.109500870109	0.459285380257	0.661619717105	0.416262602468	normalization_norm2_minint0.0_h0irange0.0002_h0mcn0.3_lr0.01_as0_sp0.6_best.pkl
0.182480037212	0.186446711421	0.114927336574	0.497361706972	0.625932361093	0.428925395959	normalization_norm2_minint0.0_h0irange0.0002_h0mcn0.3_lr0.01_as0_sp0.5_best.pkl
0.194313332438	0.202002316713	0.117554932833	0.51196660954	0.615679803426	0.430011617638	normalization_norm2_minint0.0_h0irange0.0002_h0mcn0.3_lr0.01_as0_sp0.4_best.pkl
0.207974374294	0.215756341815	0.127204746008	0.553789415574	0.574930936395	0.435383325483	normalization_norm2_minint0.0_h0irange0.0002_h0mcn0.3_lr0.01_as0_sp0.3_best.pkl
0.17226408422	0.173885762691	0.10817694664	0.448350584262	0.666593601082	0.41561999169	normalization_norm3_minint0.0_h0irange0.0002_h0mcn0.3_lr0.01_as0_sp0.6_best.pkl
0.181079000235	0.184919148684	0.113412134349	0.488028353149	0.63522489574	0.426017001196	normalization_norm3_minint0.0_h0irange0.0002_h0mcn0.3_lr0.01_as0_sp0.5_best.pkl
0.197635829449	0.20054140687	0.114635325968	0.495555513681	0.633523465289	0.424532334934	normalization_norm3_minint0.0_h0irange0.0002_h0mcn0.3_lr0.01_as0_sp0.4_best.pkl
0.210129544139	0.214680969715	0.123983100057	0.541337875246	0.586361680649	0.43498826973	normalization_norm3_minint0.0_h0irange0.0002_h0mcn0.3_lr0.01_as0_sp0.3_best.pkl
